0 2 3 123 187 204 241 257 347 365 420 429 455 
0 2 3 187 204 241 257 264 347 365 420 455 
0 2 10 156 192 272 274 395 407 422 429 444 455 
0 2 10 156 192 264 274 395 407 422 444 455 
0 2 3 156 192 272 274 407 429 455 
0 2 3 156 192 264 274 407 455 
0 1 2 130 264 403 455 
0 1 2 157 220 264 455 
0 1 2 156 264 407 455 
0 1 2 208 264 301 455 
0 1 2 264 455 506 
0 1 2 264 455 495 
0 1 2 429 455 
0 1 2 264 455 465 
0 1 2 231 264 285 455 
0 1 2 88 264 385 455 
0 1 2 262 264 334 455 
0 1 2 204 257 264 455 
0 1 2 128 138 264 455 
0 1 2 187 264 285 455 
0 2 47 73 84 110 153 157 187 192 220 264 274 402 455 
1 2 130 187 192 264 274 403 455 
1 2 157 192 220 264 274 455 
1 2 192 264 274 455 506 
1 2 192 264 274 455 495 
1 2 192 274 429 455 
1 2 192 264 274 455 465 
1 2 192 231 264 274 285 455 
1 2 88 192 264 274 385 455 
1 2 192 262 264 274 334 455 
0 1 2 192 245 264 274 295 377 384 407 455 
0 2 156 192 231 245 274 285 294 295 377 384 429 455 
0 2 88 156 192 245 274 295 377 384 385 429 455 
0 2 156 192 231 245 264 274 285 295 377 384 455 
0 2 88 156 192 245 264 274 295 377 384 385 455 
0 2 177 187 192 204 239 257 264 274 449 455 
0 2 94 156 168 192 272 274 296 375 404 407 429 441 455 
0 2 94 156 168 192 264 274 296 375 404 407 441 455 
0 2 147 156 187 256 272 407 415 424 429 455 
0 2 147 156 187 256 264 407 415 424 455 500 
0 2 187 262 334 344 423 429 455 
0 2 187 262 264 334 423 455 
0 2 3 187 192 231 264 274 285 455 
0 2 3 88 187 192 264 274 385 455 
0 2 55 187 241 340 347 420 429 452 455 
0 2 55 187 241 264 340 347 420 452 455 506 
0 2 55 187 241 264 340 347 420 452 455 495 
0 2 187 208 241 300 301 340 347 420 429 455 
0 2 187 208 241 264 301 340 347 420 455 
1 2 3 67 74 130 192 264 274 403 455 
1 2 75 103 120 130 192 211 246 264 274 403 455 
0 1 2 41 130 169 192 254 264 274 326 339 378 383 419 455 
0 2 123 187 204 241 257 340 347 420 429 455 
0 2 187 204 241 257 264 340 347 420 455 
0 2 67 74 156 192 272 274 407 429 455 
0 2 67 74 156 192 264 274 407 455 
0 1 2 3 148 187 222 264 455 
0 1 2 187 264 318 455 
0 1 2 192 264 274 285 455 
0 2 187 192 213 231 264 274 285 322 323 363 455 
0 2 88 187 192 213 264 274 322 323 363 385 455 
0 2 187 192 231 264 274 285 455 489 
0 2 88 187 192 264 274 385 455 489 
0 2 128 138 192 205 217 230 231 274 417 429 455 
0 2 128 138 192 217 230 231 264 274 417 455 
0 2 28 123 187 204 257 420 429 455 
0 2 28 187 204 257 264 420 455 
0 1 2 3 24 187 264 400 455 
0 2 37 156 192 223 272 274 332 333 407 429 455 
0 2 37 156 192 223 264 274 332 333 407 455 
0 2 123 192 204 257 274 429 455 459 
0 2 192 204 257 264 274 455 459 
0 2 157 177 187 192 220 239 264 274 449 455 
0 1 2 192 208 264 274 455 
0 2 128 138 187 205 241 340 347 420 429 455 
0 2 128 138 187 241 264 340 347 420 455 
0 2 3 187 192 204 257 264 274 455 
0 2 192 262 274 334 344 429 455 
0 2 192 262 264 274 334 455 
0 2 3 128 138 192 205 274 429 455 
0 2 3 128 138 192 264 274 455 
0 1 2 120 192 202 274 455 
0 2 18 157 187 192 200 220 236 264 274 324 346 455 
0 2 187 192 264 274 455 506 
0 2 187 192 264 274 455 495 
0 2 187 192 274 429 455 
0 2 187 192 264 274 455 465 
0 1 6 63 157 192 220 274 331 429 455 
0 1 44 46 63 87 118 157 182 187 192 220 274 281 282 429 455 
0 1 44 46 63 87 118 120 157 182 187 192 220 274 282 429 455 
0 1 6 157 192 220 264 274 331 455 
0 1 44 46 87 118 157 182 187 192 220 264 274 281 282 455 
0 1 44 46 87 118 120 157 182 187 192 220 264 274 282 455 
0 2 128 138 187 192 264 274 455 
0 2 67 74 128 138 192 205 274 429 455 
0 2 67 74 128 138 192 264 274 455 
0 2 6 55 192 274 331 429 452 455 
0 2 6 55 192 264 274 331 452 455 506 
0 2 6 55 192 264 274 331 452 455 495 
0 2 30 192 194 264 274 327 455 506 
0 2 30 192 194 264 274 327 455 495 
0 2 30 192 194 274 327 429 455 
0 2 30 192 194 264 274 327 455 465 
1 2 156 192 264 274 407 455 
0 2 192 208 274 300 301 429 455 
0 2 192 208 264 274 301 455 
0 1 55 429 452 455 
0 1 55 264 452 455 506 
0 1 55 264 452 455 495 
0 1 2 49 192 264 274 310 350 367 381 405 455 470 
0 1 2 145 187 192 264 274 321 351 435 455 
0 1 2 3 21 58 65 86 102 113 134 187 192 264 270 274 341 346 386 389 455 
0 1 2 3 96 163 187 192 193 264 274 330 455 457 511 
0 1 2 180 187 264 455 
0 1 2 183 187 264 307 372 455 
1 2 192 208 264 274 301 455 
1 2 67 74 187 192 264 274 285 418 455 456 
1 2 192 204 257 264 274 455 
1 2 128 138 192 264 274 455 
